Linear
2
30
-0.00259093
0.00942564
0.0160159
0.00828367
-0.0149896
-0.00589718
0.00174768
0.00209104
0.00119264
0.00860456
-0.00302023
0.00294421
0.00458181
-0.00466873
0.00188985
-0.0166878
0.00394975
-0.00131742
-0.0236984
0.0157662
0.000441968
-0.00791712
-0.00664492
-0.00922316
-0.00636256
-0.010473
-0.00171248
-0.00441963
0.0173126
0.00955371
-0.00764852
-0.000323921
0.00703151
0.000102804
0.0014535
0.00919759
0.000936702
-0.0200411
0.0120412
0.00180425
0.00261021
-4.06748e-05
-0.0069196
0.00328624
0.0168143
-0.00421684
-0.00702026
-0.00240951
0.00175199
-0.0241841
0.00274173
0.000147597
-0.00863064
0.00437689
0.0118623
-0.00235778
0.0131654
-0.0236553
0.00681033
0.0197919
30
1
0
0
0
0
0
0
0
0
0
0
0
0
0
0
0
0
0
0
0
0
0
0
0
0
0
0
0
0
0
0
Relu
Linear
30
60
-0.00259093
0.00767131
-0.00255667
-0.000953998
0.011341
0.00639072
0.00595032
0.00570179
0.00445533
0.00181048
-0.00946307
0.00315743
-0.0149902
0.000252222
-0.0100136
0.0145782
-0.00236141
0.0190264
0.0164099
-0.00372033
0.0151526
0.0109988
0.00424451
0.0123439
0.00807994
0.00776045
-0.000788528
-0.0259885
0.0108563
-0.0087586
0.0160159
0.00742458
-0.00318448
0.0184143
0.0144086
-0.00470545
0.000692791
-0.001653
-0.00578359
0.00746788
-0.00153211
0.00443315
-0.0129162
0.00511301
0.00636202
-0.000893838
0.00216991
-0.0041767
0.00487494
-0.0198892
-0.0129063
0.00829298
0.0158818
0.00238388
0.0110893
0.0160151
0.0163721
0.00227899
-0.00483181
0.00868089
-0.0149896
-0.000997097
0.0104771
0.0123359
0.0013386
-0.00426833
0.0102368
-0.012339
0.000318283
0.00153959
-0.00331439
0.00796128
-0.0159642
0.00968624
-0.0176518
-0.00818261
-0.00611801
-0.0065279
-0.0145762
-0.00630081
-0.00455669
0.00144102
-0.0167902
-0.0102888
-0.0200021
-0.00476129
-0.00751386
-0.0123723
-0.00607633
-0.00434018
0.00174768
0.000872492
-0.0146495
0.0113622
-0.00604529
0.0187161
-0.00433194
0.000956068
-0.00722645
0.0178219
0.00220478
0.00271461
-0.0106464
-0.00974835
-0.00141797
-0.00693531
0.00676136
-0.015901
-0.0136726
-0.00277823
0.0010084
0.00337754
0.00394035
-0.0109885
-0.0244624
0.00213294
0.00515684
-0.00134882
-0.00104271
0.000305908
0.00119264
0.00330197
0.00349268
-0.0112115
-0.00719078
0.00499167
-0.00471503
-0.00968945
0.0107032
-0.0124771
-0.0196371
-0.000376766
-0.0080871
0.0115821
-0.000316082
-0.00805358
0.015766
-0.0094769
-0.007354
-0.00157582
-0.00586074
-0.00586045
0.0111867
-0.0177382
0.000322435
-0.00235724
-0.00364308
-0.00900543
-0.000419001
-0.00135621
-0.00302023
0.00938637
-0.00861979
0.00136563
-0.0108322
-0.0081828
-0.0154836
0.000434566
0.0103522
-0.000338403
-0.00742088
0.0105381
0.00440879
0.00310814
0.006216
-0.0146763
-0.0160189
-0.00604552
-0.00220095
0.0106369
-0.00229125
0.00850931
-0.00528639
0.00888391
-0.0146961
0.00301282
0.00727721
0.0052879
0.000400099
-0.0181497
0.00458181
0.00901309
0.012114
0.00254688
-0.00679862
-0.00532474
0.00801642
-0.00401194
-0.0172137
0.000592822
0.010203
-0.00275735
0.00989794
0.00471109
-0.00379187
0.00598649
-0.0044936
-0.00594695
-0.0169287
0.00407964
-0.00613687
0.00883225
-0.00805092
-0.00844424
-0.00649516
0.00707295
-0.00878979
0.00742956
-0.00463507
0.00946167
0.00188985
0.00944543
0.00486177
-0.000258416
0.00355131
0.0174652
-0.00785637
0.0104261
-0.000387966
0.00379573
-0.00803721
-0.0087083
-0.0123667
0.0098617
0.00479241
0.0135619
0.0015628
0.00827305
0.0171937
-0.00945075
0.0304348
-0.000389592
-0.00611703
0.000436226
-0.0148781
-0.0086135
0.00446452
0.00565017
0.00272847
0.00213712
0.00394975
-0.00758204
-0.00153502
-0.00275574
0.00158299
0.0151509
-0.00458351
-0.0180629
-0.00844221
0.00242692
-0.012611
0.0153075
-0.00438057
0.00824845
0.00985639
-0.0187522
-0.00435544
-0.00670224
-0.00326349
-0.0110376
-0.00993464
-0.00789685
0.0179364
0.00589211
0.00727972
0.00985059
0.00520572
-0.0097613
0.00491974
0.00870594
-0.0236984
-0.0104448
-0.0164233
-0.0145233
0.015911
0.00496108
0.0185493
-0.00795704
0.0146845
-0.0175103
-0.0120334
-0.00957897
0.0083773
0.0132901
0.0189841
0.00990076
-0.000803994
0.0159727
-0.00726878
0.00599908
-0.00852236
0.0159348
-0.0103573
0.0099817
0.00730212
0.00882584
-0.00271544
-0.0123235
0.00573695
-0.00363811
0.000441968
0.00194977
-0.0126621
0.00158218
0.0214225
0.00951127
0.00850484
0.0060141
-0.00624467
0.0104278
0.00105065
-0.000725016
0.00302725
0.00489443
7.50572e-05
0.00221329
0.00387739
0.00700419
0.00632278
0.00880431
0.0194111
0.0023985
-0.00785707
-0.0131399
-0.00248502
-0.00581672
0.000622462
0.00998162
-0.0021231
-0.0105355
-0.00664492
-0.0218843
-0.0047229
-0.0198877
0.0131257
-0.00826086
-0.012147
0.0167278
-0.00699113
0.0123947
-0.00637991
-0.0115662
-0.0105357
-0.0211167
0.0131438
-0.00293361
0.00832047
0.00898232
0.0182978
-0.0199909
-0.00742595
-0.0143784
0.000545661
0.00420891
0.0150513
-0.00623001
-0.00324302
0.00463428
0.000463275
-0.00722395
-0.00636256
0.0111891
-0.0109691
-0.00158582
0.0122079
-0.00834469
-0.00237619
0.00359393
-0.0120445
0.00110013
-0.0143756
-0.00990607
0.00332143
-0.0125107
0.000700176
-0.00496113
-0.0049827
0.0187951
0.00092319
0.000977919
0.00258818
-0.0138782
-0.0228727
-0.00483459
0.0183977
-0.00754809
-0.0140675
-0.0157443
0.0214292
0.0134428
-0.00171248
0.00294663
-0.00225226
0.0100374
-0.0102439
-8.55944e-05
-0.00313699
0.00517541
-0.0252344
-0.00908724
-0.000710958
0.00788717
-0.0237171
0.0116304
0.0215752
0.00319144
0.00636428
0.0108948
0.0107754
0.00852508
-0.00103196
-0.00745469
-0.00567907
-0.00431
-0.0109758
0.00699686
0.00331924
-0.0203313
0.00797365
0.00042594
0.0173126
0.0114445
-0.00118738
0.0138271
-0.00176866
0.0070352
0.00120848
0.00505093
-0.00502018
0.0159319
-0.000251342
0.00301122
-0.0126143
-0.00166473
-0.0103257
0.0029573
0.00664547
-0.0147243
-0.00991608
-0.000513889
-0.0101415
-0.00599913
-0.000157771
-0.00874261
0.0128856
-0.0160545
0.000751775
-0.0066644
-0.0178213
0.00233096
-0.00764852
-0.0029463
0.00592434
-0.00146401
-0.00186612
0.00807083
-0.00993864
0.00850955
-0.000598002
0.0105037
0.0112316
-0.000689928
-0.00831861
0.0106646
0.000715821
0.00755376
0.0160706
0.0122531
-0.000627107
-0.0129909
-0.00456864
0.0069651
-0.00938269
-0.00633476
0.00783223
-0.00558739
-0.00429934
-0.00103633
0.00765393
-0.0149084
0.00703151
-0.00580469
-0.00195314
-0.0121701
0.0114281
-0.00133657
-0.0134886
0.00634639
-0.00505637
0.0278027
0.0117146
0.014678
0.00828626
-0.00218271
0.00283633
-0.0118095
-0.00702829
-0.00899459
0.000207384
0.0130195
-0.00663312
-0.0127198
-0.00334063
0.0036705
-0.00535543
0.00928996
-0.0100199
0.0154698
0.0108032
-0.00503466
0.0014535
-0.0158269
-0.00622134
-0.00568854
-0.000465558
-0.000172126
0.0196825
-0.00161765
0.000256637
-0.00189332
-0.00509465
0.0104308
-0.00519059
0.00408495
0.00676833
-0.0154775
-0.00716312
-0.0324845
0.0020614
0.0221126
0.00676766
0.0122956
-0.00432286
0.0028929
0.00774394
0.00489196
0.00411456
-0.0125279
0.00521179
-0.00489427
0.000936702
-0.0198578
-0.00589057
0.0136443
0.00239866
0.0056359
0.00243729
-0.0163278
0.00535307
-0.013703
-0.00289933
-0.00245476
0.00320526
0.0117414
-0.00756628
-0.00654054
0.00685566
-0.0197434
-0.00724722
0.0163149
-0.00269489
-0.0272279
-0.0197194
-0.00485533
-0.00606042
0.00139918
-0.00192977
-0.014655
0.00900195
0.00787137
0.0120412
0.0230897
-0.00398649
0.0153022
0.0132209
0.02586
-0.00542943
0.0125022
0.0147973
0.0207548
-0.00287698
0.00729097
-0.00894317
-0.00293181
-0.014854
-0.0110471
-0.00142865
0.00322288
0.0038632
-0.0018191
-0.00437595
0.012789
-0.00828516
-0.00652547
0.00531384
-0.00512109
-0.00432863
0.000906687
0.00894784
0.00289275
0.00261021
-0.00849881
-0.00232575
0.00746779
-0.0086739
0.000752284
0.010812
-0.0218851
-0.0052347
7.82768e-05
-0.0228438
0.00344644
-0.000580033
-0.000874553
0.0114221
-0.0049217
0.000120631
-0.0163087
-0.0070524
-0.00985762
-0.0155087
0.0162008
-0.00798022
0.00104754
0.00264121
-0.00679817
-0.019052
0.00878207
-0.00772979
-0.0180876
-0.0069196
-0.005622
0.0147349
0.00897942
0.0112669
-0.0074019
-0.00400987
0.0192435
0.009918
-0.012002
-0.00610331
0.00420693
-0.00623944
0.00242119
-0.00374323
0.0131864
-0.00426746
-0.0145451
-0.000400364
-0.0050467
-0.00377108
0.0103611
-0.0196799
0.0160441
-0.00348851
0.0215025
0.0107746
0.0110597
0.00389503
-0.000415888
0.0168143
0.00238523
-0.00648918
-0.00795784
0.000872683
-0.0131168
0.0157196
-0.0143493
0.00211829
0.000322655
-0.00192236
-0.00751991
-0.01054
0.0251494
-0.00501981
0.00760946
0.00990275
0.0155426
0.00819118
-0.0237342
0.00396989
0.00749401
0.0066452
0.00987903
0.011699
0.00321685
0.00912757
-0.0228588
-0.00800051
-0.00378373
-0.00702026
-0.0115269
-0.020471
-0.0174893
-0.0111474
-0.00508975
-0.000335781
-0.00543477
-0.0155369
-0.00655714
0.00972259
-0.00125412
-0.00377288
0.0183126
-0.00342601
0.00527837
-0.00340178
-0.00252404
-0.00107574
0.00257316
-0.0175321
-0.0219972
-0.0172362
-0.0029049
-0.00257454
-0.0055769
-0.00757788
0.00228963
0.0110648
-0.00921306
0.00175199
-0.00144153
-0.0116849
0.0114849
0.00788921
0.0154073
0.0125293
-0.0014988
-0.0194622
-0.00107733
0.0177311
-0.0369104
0.00765307
-0.0119097
0.00848847
0.0047712
0.00476833
-0.00792942
0.0111318
0.00974396
0.0064733
0.00655791
-0.0113189
0.00975843
0.00520411
-0.000497847
-0.0146975
-0.0106631
0.00980835
0.00570713
0.00274173
0.0326738
0.00622285
0.0116078
-0.0169443
-0.0138733
-0.00653401
-0.0079681
-0.0140047
-0.000415595
-0.0102842
-0.00313427
0.0117976
0.00755538
0.0130878
-0.0016899
0.0128008
0.012754
-0.0018782
-0.00113383
0.0191544
0.00743468
0.00164732
-0.0168831
0.00156239
-0.00275576
-0.00937883
6.51233e-05
0.00177349
-0.00933997
-0.00863064
0.00964104
0.0061528
0.00502207
-0.0269868
0.0127679
0.0166871
-0.018366
-0.00837875
-0.00429738
-0.00372283
-0.000211762
-0.0174152
0.0013614
0.00443128
-0.0139253
0.0110855
-0.00584372
5.47581e-05
-0.00475144
0.00360613
-0.0223796
-0.0010485
0.00709447
0.006321
-0.00942702
0.0027948
0.0127014
0.00515537
-0.0128998
0.0118623
0.0013468
0.00270222
-0.00439984
0.00705715
0.0097018
-2.99084e-06
-0.00241289
-0.00448939
-0.0027881
-0.00162226
-0.0304451
0.00501945
0.00621323
-0.00379699
-0.0129717
-0.0150361
0.00575801
0.000552193
0.00653841
0.00231291
-0.011225
0.041631
0.0105425
-0.000987162
0.00090479
-0.000870681
-0.00342279
-0.0127947
-0.00702904
0.0131654
0.0105803
0.0059348
0.00843604
-0.00735343
-0.0176953
0.0120909
-0.0019443
0.00755976
0.00945369
-0.00619784
0.00169928
-0.0174036
-0.00357912
-0.00502443
0.00135781
0.0127114
0.00964397
0.00558396
0.00723182
0.00428912
0.00811086
-0.00385283
0.00393123
-0.00503263
-0.00902251
0.0148838
0.000407306
0.00486246
0.00603436
0.00681033
0.00386196
-0.0041095
0.00536179
-0.0136648
0.00311374
0.0114411
-0.00270812
-0.000558785
-0.0213466
0.0050841
0.000945184
-0.00819202
-0.00528984
-0.011276
-0.00792015
0.0135463
0.0226851
-0.0105241
0.0049818
0.00583637
-0.0102558
0.0021197
0.0105023
0.0122335
0.0197166
0.00920017
-0.00472906
-0.00333029
-0.0173476
0.00942564
-0.0043927
0.00683434
0.0064195
-0.0106449
-0.00465048
-0.00725956
0.00127959
0.00944889
0.0166294
-0.00455277
-0.00792961
0.0180996
-0.00158911
0.00721077
0.005504
0.00845628
-0.00773443
0.00109843
0.0168921
-0.00729303
0.00636229
-0.00576163
-0.00534439
0.00684266
0.0112493
-0.00966363
0.00339629
-0.00223737
-0.0155836
0.00828367
-0.00520294
-0.0329764
0.0130798
-0.0214329
0.0114703
-0.00702731
0.0140843
0.00571513
0.0145427
0.000703828
-0.00447976
0.00120498
0.00202272
0.00919942
0.0044197
0.0199511
-0.0064364
0.000362758
-0.00624212
-0.0139323
-0.0112966
-0.00498415
0.0138798
-0.00527104
-0.0145136
-0.00428999
-0.00560079
-0.00747966
-0.0121246
-0.00589718
-0.00684892
0.0121555
-0.0064995
-0.0237239
-0.0113513
0.0194853
0.008525
0.0232156
-0.0257974
0.00103038
-0.000744594
-0.00461963
0.00313764
0.00872671
0.0134801
-0.00904804
0.00489895
-0.0121709
0.00687647
0.0104579
-0.0157251
-0.0153228
-0.0164934
0.00199972
0.00780487
0.0275028
0.00792328
0.0128613
-0.00407764
0.00209104
0.003979
0.00384282
-0.00649257
-0.00509799
0.0111282
0.00799244
0.00395771
0.0132441
0.0254675
0.0140664
0.00383133
0.00589365
-0.0031474
0.0179304
-0.000284817
-0.00293563
0.0269262
-0.00151429
-0.0246103
-0.00854006
-0.00653677
-0.0140276
0.0175886
0.00175704
-0.0217205
0.00672613
0.0210562
0.00396553
0.00709559
0.00860456
-0.00252201
-0.00237074
-0.00193893
-0.00393035
0.015341
-0.0152371
0.00813907
-0.00356501
0.0133324
-0.00423701
-0.00436421
-0.022286
0.0164095
-0.00989678
-0.00888606
-0.01107
0.00627129
-0.00427361
-0.00893226
0.0191363
-0.0129519
-0.00729725
-0.00104299
0.0166133
-0.000493703
0.0108011
0.0187512
0.0160124
-0.00240305
0.00294421
-0.00457618
0.0160651
-0.00730632
-0.00205686
0.00116554
0.0138236
-0.00985816
0.00332445
0.0101604
0.00687695
0.00482032
-0.006158
0.013635
-0.00429614
0.0196263
-0.0015551
0.0143807
-0.00711683
0.000558946
-0.00964353
-0.0102325
-0.005128
0.0141432
0.00079539
0.000315235
0.0112257
0.000977513
-0.0119376
0.00561354
-0.00466873
-0.00550643
0.00139196
-0.01478
-0.013525
-0.00953786
-0.00718242
-0.00710428
-0.00113199
-0.00364777
0.00240267
-0.00262138
0.00305476
0.00474349
-0.00840685
-0.0132703
0.0114331
-0.0114449
0.000754373
0.013611
-0.00945203
0.00237439
-0.00422651
0.00949845
-0.00446728
-0.00126534
-0.00183104
0.0180305
0.000543225
0.0079619
-0.0166878
-0.00963016
0.00473325
-0.007054
-0.00715929
0.0105146
-0.00742219
-0.0143286
-0.00332187
-0.0256478
0.0102205
-0.0031982
-0.0137339
0.00935938
-0.0052823
-0.0129925
0.0230271
0.00177433
0.00364235
-0.00464645
-0.000860697
0.000984692
0.00591879
0.00577779
-0.0133795
-0.0134512
0.0136871
0.000986727
0.00284302
0.0121112
-0.00131742
0.00314101
0.0126581
-0.0110595
0.012058
-0.000320427
-0.0100919
-0.000793273
-0.00424281
0.0184705
0.0121036
0.00865672
-0.0028206
0.00972686
0.00691527
0.00420768
0.0101165
0.000590671
-0.0178979
-0.0089336
0.00280373
0.00244054
0.0017421
-0.0180088
-0.00287701
-0.00461934
-0.00719337
-0.00143935
-0.000901642
0.014485
0.0157662
0.0079939
-0.00236517
0.00984091
0.0117533
-0.0064877
0.00462229
-0.00826044
0.000166776
-0.00177439
-0.00430087
-0.0184027
0.0120739
-0.00284102
-0.0111508
-0.00219315
-0.00042912
-0.0097596
-0.0027395
-0.0109361
-0.00245465
0.00168757
0.00235365
0.00446861
-0.0081569
0.00967861
0.00502238
0.00545525
0.00246674
0.000789631
-0.00791712
0.00449707
0.0112372
0.0068942
0.0176392
0.012988
-0.0068432
0.0070758
0.0111946
-0.017619
0.00709919
0.0205306
-0.00498156
-0.00769654
0.00927212
0.0137352
-0.00222337
0.00434771
-0.0234924
0.0057532
0.00770762
-0.0012114
0.00405583
-0.00739868
0.0116054
0.00993702
0.0135188
-0.0114197
-0.00400668
-0.00595368
-0.00922316
-0.00867107
0.0105022
0.00672421
0.00107532
-0.027835
0.0049096
-0.00639974
0.00192863
0.00269773
0.000414298
-0.0143138
0.00817313
0.00335073
-0.00228462
0.00708452
-0.00677018
-0.0153994
-0.0134991
-0.00706257
6.00476e-05
-0.00600371
-0.0175801
0.0250617
-0.00404961
-0.00369762
-0.0026269
0.00470928
0.00584622
0.00956073
-0.010473
-0.0149624
-0.00459374
-0.0165465
0.00149467
-0.0116289
0.00134514
-0.00159057
0.0203777
-0.0152763
0.0172352
-0.019669
-0.00488924
-0.00758515
-0.0182187
0.00448739
-0.00301297
0.0124365
-0.00292457
0.0151812
-0.00303219
0.00437152
0.00126474
-0.00160575
-0.00329709
-0.00693949
0.00105798
-0.019313
-0.0122753
-0.0178335
-0.00441963
-0.015217
0.00765907
-0.00588961
0.000741931
-0.00177948
-0.00375626
-2.77178e-05
0.00197421
0.0073318
-0.0172566
-0.0100172
-0.0109403
0.0214863
0.00914231
-0.00555953
-0.00599012
-0.0115266
0.00355311
0.0126041
0.00577933
-0.00496826
0.018106
0.00904644
0.0125707
0.00898514
0.00721711
-0.00111001
-0.000981277
0.00785397
0.00955371
-0.0118263
0.0114315
0.00697458
0.00700043
0.00810977
0.0235482
0.008605
0.00889628
0.00279505
0.00513667
0.0140448
0.00140085
-0.00460014
0.0178061
0.00642115
0.00525709
-0.00358558
0.0137592
-0.00907947
0.00235227
0.000186603
-0.0219304
-0.00251877
0.00579179
0.00580906
0.0189227
0.0113453
0.00393922
-0.00974533
-0.000323921
-8.68958e-06
0.0296392
-0.00558326
-0.000625077
-0.00520243
-0.00307753
-0.0122203
0.0106317
0.0186434
0.0033609
-0.0165064
0.0068008
0.000731194
-0.00559762
-0.0142135
0.00552902
0.00803392
-0.00611712
-0.00453456
0.000638987
-0.000893484
-0.00200087
-0.0168128
0.00817267
0.00900784
0.0167735
0.0105863
0.00680034
0.00608114
0.000102804
0.0112833
-0.00193626
-0.00285984
-0.00434323
0.00687168
0.0157533
-0.0129049
-0.0117932
0.0173456
-0.0105847
-0.011323
-0.00619429
0.00943553
0.00454118
-0.00437375
-0.00182762
0.00438752
0.00555543
-0.00188539
0.0126117
-0.00776431
-0.00262139
0.00132049
-0.0231957
-0.0124445
0.000278914
-0.000333371
-0.00580929
0.0065348
0.00919759
0.00284671
-0.0089315
-0.0102073
-0.0195877
0.017285
0.0066419
-0.00308263
0.0130835
-0.0153934
-0.00552045
-0.00227378
-0.0219592
-0.00394891
0.00519907
0.00836574
0.0121104
-0.00637434
0.0101057
-0.0132835
0.00168003
0.000818606
0.0107041
-0.00865039
-0.0113318
-0.00341166
-0.0100179
0.0119602
0.0053661
-0.0274297
-0.0200411
0.00534473
0.0100537
-0.0119206
0.0210981
-0.0114295
-0.00673997
0.00373033
0.0128802
0.00960138
0.00871582
-0.00797298
0.00536901
0.0146756
-0.00467441
-0.00960064
0.0138051
-0.0101601
0.00948178
-0.0123985
-0.0232327
-0.0209132
0.000800442
0.0115361
0.0168529
0.01424
-0.0120015
-0.00523973
-0.00996029
0.00476018
0.00180425
0.00105752
0.00204822
0.00372647
0.00224184
0.0122649
-5.16176e-05
-0.0115725
-0.017952
0.00542556
0.00967955
0.0162367
0.0015442
-0.0117425
0.00749234
0.00278321
0.0101154
0.0169192
0.0114581
0.00121867
0.0034388
0.0101352
0.00535924
0.0123219
0.0151157
0.025065
-0.0264124
0.00490892
0.00592098
-0.0195126
-4.06748e-05
-0.0114965
0.0166996
-0.00331502
0.0163364
-0.00199517
0.00903848
-0.00185354
0.0106256
-0.0155665
0.00661369
0.00315731
-0.00570482
-0.00662044
-0.0074597
-0.00952929
-0.0013508
0.0137955
-0.00913122
-0.0015542
0.00499303
-0.0242145
0.0129061
0.00782287
-0.00941516
0.013089
0.0226951
-0.0153959
-0.0130914
0.000363241
0.00328624
0.00183454
-0.00435839
0.00318026
-0.0151808
-0.0236085
-0.0275127
-0.00530139
0.0077411
0.00158204
0.00366598
0.00345129
-0.00119566
0.0011499
-0.00531923
-0.00328305
0.0134168
0.0211532
-0.00512351
0.00727639
-0.0139792
-0.00412286
0.00369295
0.0125843
0.00319407
-0.00865847
0.0119858
-0.00290413
0.0127391
0.00156435
-0.00421684
-0.000475864
0.00398836
-0.00342435
-0.011889
0.0158277
0.00395056
0.000871323
-0.00415502
0.00765554
-0.00714234
-0.00527849
0.0212938
-0.0086593
-0.00785432
-0.00584981
-0.00406177
0.024239
0.0052019
0.00284984
0.00117262
0.0134206
-0.00522516
-0.00710049
0.00307744
-0.0040375
0.00458192
0.000249909
-0.00923772
0.0218207
-0.00240951
0.00252087
0.00682963
-0.00229
0.0129483
0.0050454
-0.000473637
-0.0187226
0.00210069
-0.0125598
-0.00244878
0.012315
-0.0122421
0.00960027
0.00061706
-0.00372506
-0.0126404
-0.00124551
0.00232381
0.000381959
0.00939697
-0.0207358
-0.00105025
0.00810984
0.00685455
-0.00552928
-0.00713839
-0.0043009
-0.0114385
0.00411682
-0.0241841
0.00200894
0.0063571
0.00595974
0.0147191
0.00397493
-0.0201938
0.00375128
0.00731005
0.00691756
-0.00285838
-0.000112238
0.00586745
-0.0127576
0.014539
0.00646884
-0.000581034
0.0018548
-0.00425597
-0.004047
0.000462357
0.00148803
-0.0107614
0.00995793
-0.0114171
0.00515722
-0.0212466
-0.00364546
0.00693519
-0.0117461
0.000147597
-0.0110875
0.00925608
-0.0124129
0.0269179
0.0196553
-0.00381075
0.00365588
0.00154291
-0.00433154
-0.011645
-0.0027219
0.00400073
-0.00226214
-0.00398557
-0.0076736
0.00763081
0.00691652
-0.00428038
-0.00874766
-0.000693121
0.00329769
0.00132183
-0.00892295
-0.00744768
0.00482536
0.00349369
0.00841506
-0.0116171
0.00484654
0.00437689
-0.000774859
0.000654408
0.00978697
0.00846855
0.0120627
0.0162915
-0.00906416
-0.00118972
-0.0106202
0.00284671
0.0138101
0.00973884
0.0275276
-0.00327634
-0.00073461
0.00339483
-0.0152567
0.00591518
-0.0103915
0.00751389
-0.00152438
0.00446143
-0.00245298
0.0191478
0.0100703
-0.00443125
0.0197038
0.00940655
-0.00824087
-0.00235778
-0.0167226
0.01011
0.00650785
-0.0133734
-0.0157152
-0.00362095
0.0120336
0.00734998
0.000192095
-0.00657641
0.013109
0.00482908
-0.00507685
-0.0142035
-0.00767129
-0.0234526
0.0117672
-0.0106141
-0.0136164
0.00977426
0.000279508
0.000710254
-0.0186783
-0.00514233
-0.00270953
0.000832967
-0.00465842
-0.0131552
-0.0053918
-0.0236553
0.00556771
-0.00735393
0.0105512
0.00827873
-0.00961823
-0.00525841
0.00516238
0.0128284
0.0167975
0.013136
0.0115049
0.0180778
-0.00153312
-0.00302015
0.006106
0.00305018
-0.0129915
0.00204152
-0.00486125
-1.73729e-05
-0.00778116
-0.0103818
-0.00291831
-0.0065004
-0.00463859
0.00196415
0.00385556
-0.0117201
0.00755212
0.0197919
-0.00043433
-0.000620327
0.00818608
0.000914095
0.00276697
-0.00471497
0.0118354
0.000231182
-0.0069294
0.0026273
0.0055747
0.00926553
0.00926287
-0.00509089
-0.0100407
-0.00207979
0.0188887
0.020372
-0.00921499
-0.0176201
-0.0150098
0.00642984
0.00458543
-0.00442846
0.00102929
0.00311852
-0.0124496
-0.00424147
-0.000994044
60
1
0
0
0
0
0
0
0
0
0
0
0
0
0
0
0
0
0
0
0
0
0
0
0
0
0
0
0
0
0
0
0
0
0
0
0
0
0
0
0
0
0
0
0
0
0
0
0
0
0
0
0
0
0
0
0
0
0
0
0
0
Relu
Linear
60
1
-0.00259093
0.0160159
-0.0149896
0.00174768
0.00119264
-0.00302023
0.00458181
0.00188985
0.00394975
-0.0236984
0.000441968
-0.00664492
-0.00636256
-0.00171248
0.0173126
-0.00764852
0.00703151
0.0014535
0.000936702
0.0120412
0.00261021
-0.0069196
0.0168143
-0.00702026
0.00175199
0.00274173
-0.00863064
0.0118623
0.0131654
0.00681033
0.00942564
0.00828367
-0.00589718
0.00209104
0.00860456
0.00294421
-0.00466873
-0.0166878
-0.00131742
0.0157662
-0.00791712
-0.00922316
-0.010473
-0.00441963
0.00955371
-0.000323921
0.000102804
0.00919759
-0.0200411
0.00180425
-4.06748e-05
0.00328624
-0.00421684
-0.00240951
-0.0241841
0.000147597
0.00437689
-0.00235778
-0.0236553
0.0197919
1
1
0
Relu
Sigmoid
