Linear
2
60
-0.00259093
0.00767131
0.0160159
0.00742458
-0.0149896
-0.000997097
0.00174768
0.000872492
0.00119264
0.00330197
-0.00302023
0.00938637
0.00458181
0.00901309
0.00188985
0.00944543
0.00394975
-0.00758204
-0.0236984
-0.0104448
0.000441968
0.00194977
-0.00664492
-0.0218843
-0.00636256
0.0111891
-0.00171248
0.00294663
0.0173126
0.0114445
-0.00764852
-0.0029463
0.00703151
-0.00580469
0.0014535
-0.0158269
0.000936702
-0.0198578
0.0120412
0.0230897
0.00261021
-0.00849881
-0.0069196
-0.005622
0.0168143
0.00238523
-0.00702026
-0.0115269
0.00175199
-0.00144153
0.00274173
0.0326738
-0.00863064
0.00964104
0.0118623
0.0013468
0.0131654
0.0105803
0.00681033
0.00386196
0.00942564
-0.0043927
0.00828367
-0.00520294
-0.00589718
-0.00684892
0.00209104
0.003979
0.00860456
-0.00252201
0.00294421
-0.00457618
-0.00466873
-0.00550643
-0.0166878
-0.00963016
-0.00131742
0.00314101
0.0157662
0.0079939
-0.00791712
0.00449707
-0.00922316
-0.00867107
-0.010473
-0.0149624
-0.00441963
-0.015217
0.00955371
-0.0118263
-0.000323921
-8.68958e-06
0.000102804
0.0112833
0.00919759
0.00284671
-0.0200411
0.00534473
0.00180425
0.00105752
-4.06748e-05
-0.0114965
0.00328624
0.00183454
-0.00421684
-0.000475864
-0.00240951
0.00252087
-0.0241841
0.00200894
0.000147597
-0.0110875
0.00437689
-0.000774859
-0.00235778
-0.0167226
-0.0236553
0.00556771
0.0197919
-0.00043433
60
1
0
0
0
0
0
0
0
0
0
0
0
0
0
0
0
0
0
0
0
0
0
0
0
0
0
0
0
0
0
0
0
0
0
0
0
0
0
0
0
0
0
0
0
0
0
0
0
0
0
0
0
0
0
0
0
0
0
0
0
0
Relu
Linear
60
1
-0.00259093
0.0160159
-0.0149896
0.00174768
0.00119264
-0.00302023
0.00458181
0.00188985
0.00394975
-0.0236984
0.000441968
-0.00664492
-0.00636256
-0.00171248
0.0173126
-0.00764852
0.00703151
0.0014535
0.000936702
0.0120412
0.00261021
-0.0069196
0.0168143
-0.00702026
0.00175199
0.00274173
-0.00863064
0.0118623
0.0131654
0.00681033
0.00942564
0.00828367
-0.00589718
0.00209104
0.00860456
0.00294421
-0.00466873
-0.0166878
-0.00131742
0.0157662
-0.00791712
-0.00922316
-0.010473
-0.00441963
0.00955371
-0.000323921
0.000102804
0.00919759
-0.0200411
0.00180425
-4.06748e-05
0.00328624
-0.00421684
-0.00240951
-0.0241841
0.000147597
0.00437689
-0.00235778
-0.0236553
0.0197919
1
1
0
Relu
Sigmoid
